Adopted parameters
==================
Number of particles:  500
The reduced density:  0.9
Corresponding box length:  8.220706914434901
The reduced temperature:  0.9
The number of Monte Carlo steps:  1000000
The initial maximum of the displacement:,  0.1
The output frequency of energy as the STDOUT:  1000
The output frequency of the trajectory data:  1000
Adopted energy model: UnitlessLJ

Results
=======
total pair initial: 2799653728137.7627
tail correction: -139.56249638261005
1000 5019877412.717903
2000 2993706480.978131
3000 2623242827.47131
4000 276450559.35101
5000 1087649.93682253
6000 611558.1657261094
7000 501118.7700208341
8000 95551.40317465516
9000 33318.20736403209
10000 19164.953910761702
11000 12867.700554642226
12000 6025.806051234963
13000 5143.803312331101
14000 4268.158833296594
15000 2154.3817570664605
16000 1523.9343413163726
17000 1148.0990990024193
18000 1018.6692567436354
19000 432.21844616484947
20000 307.320773760515
21000 243.95061645241432
22000 193.0885642822421
23000 143.54930868149248
24000 131.16033813580268
25000 79.31019196677484
26000 56.41527672975391
27000 42.569477470142026
28000 28.960871158374026
29000 22.359288135073054
30000 15.851153572348196
31000 9.99280481686279
32000 7.561188843108019
33000 5.586916758350015
34000 4.030881235134854
35000 2.5438367150876546
36000 1.715357696374226
37000 0.842035828247383
38000 0.15540545312439263
39000 -0.46780254300093393
40000 -0.9843197810554537
41000 -1.351365265633117
42000 -1.7782887145314485
43000 -2.2010202370509178
44000 -2.6003526836308337
45000 -2.815193717396787
46000 -3.1106768526485298
47000 -3.2973344861670735
48000 -3.4851838310892393
49000 -3.6548581582095796
50000 -3.8462399400120413
51000 -4.001290111373732
52000 -4.149679157650235
53000 -4.341396762802822
54000 -4.388150278540126
55000 -4.474576356833398
56000 -4.609580811789217
57000 -4.711077832567919
58000 -4.811431662532354
59000 -4.885591210829891
60000 -4.980341329458163
61000 -5.067004867377022
62000 -5.091605641516724
63000 -5.115343633775443
64000 -5.17546466498431
65000 -5.286969415949403
66000 -5.33117725560636
67000 -5.340682075522774
68000 -5.403631982314076
69000 -5.387461460691094
70000 -5.397869576178325
71000 -5.391344392827302
72000 -5.416618513267091
73000 -5.375645092729433
74000 -5.438338890811183
75000 -5.4954294211218695
76000 -5.517365373879672
77000 -5.496635134486286
78000 -5.53369397607021
79000 -5.546247971033022
80000 -5.574617088389869
81000 -5.5986317353968325
82000 -5.59126655695536
83000 -5.5978604604026545
84000 -5.649345642901472
85000 -5.695119540337104
86000 -5.637993795370989
87000 -5.63504049395172
88000 -5.686279689018051
89000 -5.652819482261897
90000 -5.659427763165417
91000 -5.70865051621176
92000 -5.6830689567686115
93000 -5.709583249946185
94000 -5.721448034968293
95000 -5.7388824525169495
96000 -5.772820887178479
97000 -5.833836332029427
98000 -5.8336119842954925
99000 -5.841253521384711
100000 -5.831618512485338
101000 -5.8536231402061425
102000 -5.891214472820739
103000 -5.883353417788306
104000 -5.935577059310247
105000 -5.90239465707863
106000 -5.828715391879647
107000 -5.875782123497185
108000 -5.918633745932725
109000 -5.942755930195703
110000 -5.953615603859913
111000 -5.94397565970077
112000 -5.939623089245867
113000 -5.912639978219235
114000 -5.902390893535228
115000 -5.909648635501176
116000 -5.926050418022957
117000 -5.909128895180183
118000 -5.909724229772755
119000 -5.930417579589519
120000 -5.937391764595814
121000 -5.983020756713161
122000 -5.933839934509429
123000 -5.967662331537333
124000 -5.961310350398049
125000 -5.9530946745183515
126000 -5.919169811059281
127000 -5.952959148138171
128000 -5.9619323619725755
129000 -5.955636189540276
130000 -5.956945286733315
131000 -5.960393604712125
132000 -5.97548886506686
133000 -6.001735398126232
134000 -5.977912605703796
135000 -5.953061160403288
136000 -5.937834564716086
137000 -5.970942672650207
138000 -5.925996837376643
139000 -5.938257610463068
140000 -5.9610567310054146
141000 -5.969476009253025
142000 -5.981957247236216
143000 -6.034647022493222
144000 -6.001731757670229
145000 -6.02835038051416
146000 -6.04350066042767
147000 -6.039894758905304
148000 -5.990080542541329
149000 -5.995886599761983
150000 -6.036415753541268
151000 -6.004349126755083
152000 -6.011634402667029
153000 -6.001777159468824
154000 -5.994733978241573
155000 -6.019694245696771
156000 -6.034428380343823
157000 -6.060265103205555
158000 -6.05535639454713
159000 -6.041756664350573
160000 -6.060515507092913
161000 -6.050123905690298
162000 -6.072432110986339
163000 -6.101959067603746
164000 -6.074018020914825
165000 -6.053693658885424
166000 -6.033173522696124
167000 -6.029329642968848
168000 -5.985451792267659
169000 -6.020293189584917
170000 -6.003200342357544
171000 -6.0585260821528015
172000 -6.039730766625319
173000 -6.011409741317409
174000 -6.054440654997825
175000 -6.083204832798331
176000 -6.056264652746916
177000 -6.02794599379105
178000 -6.073772427564771
179000 -6.037866327402108
180000 -6.009022636193873
181000 -6.004752315548873
182000 -6.035016701598389
183000 -6.075350381355537
184000 -6.07143795190089
185000 -6.08399847481158
186000 -6.064142271034308
187000 -6.077465550001209
188000 -6.088760457649367
189000 -6.0814739811780125
190000 -6.120330133218711
191000 -6.104372242868397
192000 -6.066305412516929
193000 -6.027655212827205
194000 -6.10201310547923
195000 -6.03918561647016
196000 -6.028998678984022
197000 -6.022839152789471
198000 -5.999717627946235
199000 -6.025314350417627
200000 -6.027507445218015
201000 -5.9930609632976
202000 -5.996438549047667
203000 -6.066187138256917
204000 -6.09007114237883
205000 -6.099401233562532
206000 -6.121795913108952
207000 -6.120742966185927
208000 -6.125242811013032
209000 -6.195345814396691
210000 -6.182242195334891
211000 -6.170616854481676
212000 -6.149885394788031
213000 -6.112418197187866
214000 -6.081620574340041
215000 -6.138495103151793
216000 -6.158768570184829
217000 -6.097637160488737
218000 -6.1447853144522195
219000 -6.142873535514128
220000 -6.160605547735478
221000 -6.151330997152067
222000 -6.134755911972351
223000 -6.0983806912887415
224000 -6.0971268256216264
225000 -6.105984590035659
226000 -6.074002644911617
227000 -6.134983111300173
228000 -6.129981641028576
229000 -6.126166088822993
230000 -6.133089855137999
231000 -6.12122927234419
232000 -6.109009974819252
233000 -6.099059423189494
234000 -6.039802422227201
235000 -6.1110917525532065
236000 -6.092725855556027
237000 -6.111608628416023
238000 -6.1085876164067
239000 -6.162806413314055
240000 -6.168394864707446
241000 -6.124961358885466
242000 -6.103545059626368
243000 -6.114140014497301
244000 -6.133132118390315
245000 -6.123779006187363
246000 -6.097768842764974
247000 -6.124156934296267
248000 -6.116895624598672
249000 -6.130984116890917
250000 -6.119357288586188
251000 -6.130614478574365
252000 -6.166593118064153
253000 -6.167614348185317
254000 -6.201104967130489
255000 -6.157397066023665
256000 -6.110074828729947
257000 -6.1187107181480975
258000 -6.120917915515514
259000 -6.129302428516034
260000 -6.085227449933824
261000 -6.162487850876696
262000 -6.18765368434829
263000 -6.164158086814613
264000 -6.189380842374081
265000 -6.179250559626786
266000 -6.190099635429395
267000 -6.184020431890188
268000 -6.214766647978497
269000 -6.117699246450785
270000 -6.106198549536555
271000 -6.114696222217236
272000 -6.154830587613204
273000 -6.162383130809428
274000 -6.200070385105642
275000 -6.18226799921572
276000 -6.178163177142809
277000 -6.164752567645116
278000 -6.1496415421502375
279000 -6.1190476757739765
280000 -6.129313345429207
281000 -6.088958232580202
282000 -6.064646422200703
283000 -6.051985582354015
284000 -6.098316434522668
285000 -6.065241682620937
286000 -6.116691083234254
287000 -6.1474831228368485
288000 -6.155584177220205
289000 -6.156730685618277
290000 -6.154929355900534
291000 -6.129076434291779
292000 -6.13965192560548
293000 -6.119813227495648
294000 -6.139698680313731
295000 -6.113207809962575
296000 -6.101721465730971
297000 -6.102168312023699
298000 -6.10648570395698
299000 -6.134790666895234
300000 -6.13010552321403
301000 -6.170502257964281
302000 -6.116615574637604
303000 -6.079893771682548
304000 -6.06518443969997
305000 -6.105594027161403
306000 -6.070961029835863
307000 -6.136146536981308
308000 -6.125061555230326
309000 -6.142105816674224
310000 -6.131946820101992
311000 -6.173922076754976
312000 -6.155966303646393
313000 -6.157081114443479
314000 -6.144494403370883
315000 -6.134483891461721
316000 -6.154708261847879
317000 -6.130883595900261
318000 -6.124330054833283
319000 -6.121706407155976
320000 -6.10479269196624
321000 -6.128255976730051
322000 -6.134545606973523
323000 -6.135732505650145
324000 -6.126540989758043
325000 -6.1008039105732585
326000 -6.114817792469226
327000 -6.13386637767491
328000 -6.1273782946442905
329000 -6.149771295128813
330000 -6.154169377166977
331000 -6.16996736201613
332000 -6.1294204629914795
333000 -6.13463639048178
334000 -6.154981631580478
335000 -6.1865726304251565
336000 -6.161709705671309
337000 -6.158138443117754
338000 -6.162944212874274
339000 -6.133301569856429
340000 -6.195887953895936
341000 -6.143943026144512
342000 -6.178749001645045
343000 -6.1740860603031384
344000 -6.128146132006375
345000 -6.099713057008726
346000 -6.125686108986572
347000 -6.156806203032709
348000 -6.1622984965399255
349000 -6.1563357606466695
350000 -6.145372704838386
351000 -6.181995731143923
352000 -6.188597090453741
353000 -6.18369370381489
354000 -6.151455999273398
355000 -6.175009789669134
356000 -6.136054983919992
357000 -6.176024052258227
358000 -6.171343194018783
359000 -6.150737276195438
360000 -6.1660742213258235
361000 -6.207735315641337
362000 -6.148118296035841
363000 -6.155478371316803
364000 -6.153303845458785
365000 -6.1034289805662425
366000 -6.132151546493016
367000 -6.1300626881449345
368000 -6.107877216295986
369000 -6.127171216871287
370000 -6.122658854722896
371000 -6.154775348818315
372000 -6.135283101060166
373000 -6.156429872031752
374000 -6.152605391132388
375000 -6.192307385622313
376000 -6.150496090617555
377000 -6.143632249331053
378000 -6.127675425251891
379000 -6.136645823649548
380000 -6.2222792394100574
381000 -6.194507346919998
382000 -6.191450513781772
383000 -6.217314913945099
384000 -6.179276957714125
385000 -6.1378685012875245
386000 -6.105302054477102
387000 -6.113664595920244
388000 -6.129210147171207
389000 -6.149041224233459
390000 -6.153314357712064
391000 -6.157116630954826
392000 -6.165938229656221
393000 -6.143303703272323
394000 -6.154445728199923
395000 -6.162736977606096
396000 -6.201368033906905
397000 -6.155991281822118
398000 -6.093722026228306
399000 -6.119270634907875
400000 -6.1163608916506504
401000 -6.104196099255405
402000 -6.114891610273496
403000 -6.127006089885884
404000 -6.165144785415036
405000 -6.182144718052241
406000 -6.1749036388592815
407000 -6.199648667246762
408000 -6.207254097003361
409000 -6.1394558158294155
410000 -6.148997540230522
411000 -6.1388588785262765
412000 -6.114377869596785
413000 -6.098242524937307
414000 -6.10816921450888
415000 -6.12439484469628
416000 -6.1434486763356215
417000 -6.169463895793252
418000 -6.115359995734988
419000 -6.132964592126517
420000 -6.1407923102495126
421000 -6.137082204480354
422000 -6.12700175733434
423000 -6.150092529677219
424000 -6.128701239404235
425000 -6.180384345693197
426000 -6.141979275576669
427000 -6.114142782455
428000 -6.114596197176895
429000 -6.157003214467483
430000 -6.183984608433861
431000 -6.192393615797315
432000 -6.208718380561455
433000 -6.22305075562651
434000 -6.225419946006667
435000 -6.218330992232853
436000 -6.181322449210951
437000 -6.209101602826348
438000 -6.175272473659167
439000 -6.169261472716707
440000 -6.157886653237317
441000 -6.147399347931987
442000 -6.166253273476426
443000 -6.170319206427771
444000 -6.196238040847917
445000 -6.214399446314572
446000 -6.169173066423333
447000 -6.166640129384986
448000 -6.134813179852444
449000 -6.154702403204689
450000 -6.170938378952675
451000 -6.202793193451385
452000 -6.13698226992498
453000 -6.161979290426372
454000 -6.176889519009064
455000 -6.224685409571314
456000 -6.196123539673073
457000 -6.224983107383388
458000 -6.188830268511489
459000 -6.211659720766225
460000 -6.194628815582212
461000 -6.1749294803519765
462000 -6.17891387388999
463000 -6.189760719159621
464000 -6.157738890217418
465000 -6.16280989141448
466000 -6.21094606236017
467000 -6.231900807963333
468000 -6.20643598230186
469000 -6.167274627226082
470000 -6.190736552423528
471000 -6.177169998982688
472000 -6.175317085272319
473000 -6.164811022104879
474000 -6.196469797668546
475000 -6.186789283513772
476000 -6.125696502034363
477000 -6.13615489912667
478000 -6.14564796094916
479000 -6.152030307961624
480000 -6.202383962964718
481000 -6.22650826527131
482000 -6.208353211538076
483000 -6.215527123297787
484000 -6.180645239078772
485000 -6.1836854490544875
486000 -6.12636515464548
487000 -6.167567445677272
488000 -6.118201544148974
489000 -6.139623021330589
490000 -6.158885733769777
491000 -6.133906378424296
492000 -6.1326025237046515
493000 -6.091304260234046
494000 -6.164579761312511
495000 -6.137877001297879
496000 -6.118017377258493
497000 -6.157426046604498
498000 -6.173373971486563
499000 -6.157362642174226
500000 -6.193318355714683
501000 -6.16260599690932
502000 -6.119885341922899
503000 -6.14427427950931
504000 -6.195531375310948
505000 -6.229835225713623
506000 -6.172031913290778
507000 -6.147177723692517
508000 -6.161525065448029
509000 -6.19596418499592
510000 -6.181612824335916
511000 -6.153982719524391
512000 -6.178000980053114
513000 -6.147055457289963
514000 -6.18721332566077
515000 -6.166605479806181
516000 -6.157731781080908
517000 -6.17094991149581
518000 -6.206847711978991
519000 -6.191430303589937
520000 -6.191631947870393
521000 -6.194368741532814
522000 -6.18047394625927
523000 -6.1903947998207896
524000 -6.220807751215013
525000 -6.207192983746583
526000 -6.217123482993521
527000 -6.167540581407209
528000 -6.198246952920905
529000 -6.208936220545239
530000 -6.185136151402781
531000 -6.226547711447918
532000 -6.212801382680575
533000 -6.229700171868611
534000 -6.267134734733953
535000 -6.287035019420169
536000 -6.236700322158914
537000 -6.249552457717527
538000 -6.278136753408939
539000 -6.263927427020175
540000 -6.230488696374202
541000 -6.2342596457646975
542000 -6.243734393599925
543000 -6.236966305852587
544000 -6.192712343553537
545000 -6.238146896989794
546000 -6.157153478793507
547000 -6.167891737760892
548000 -6.1844699135581624
549000 -6.17415253136517
550000 -6.197607219993124
551000 -6.217641232607867
552000 -6.170256851740786
553000 -6.232885152204982
554000 -6.227419875721302
555000 -6.240652146850335
556000 -6.2735901787361605
557000 -6.229458265396239
558000 -6.155426565366341
559000 -6.1714908090996605
560000 -6.141630612145103
561000 -6.11348393595737
562000 -6.145408330334704
563000 -6.168344031276287
564000 -6.21087123278223
565000 -6.198666940239635
566000 -6.2066991709072274
567000 -6.172539103632653
568000 -6.193458955944317
569000 -6.226884026289608
570000 -6.185318574622391
571000 -6.179302327405809
572000 -6.179253725981005
573000 -6.164816512385443
574000 -6.21976555256399
575000 -6.170769690949018
576000 -6.20857998110842
577000 -6.178957190758175
578000 -6.16240783379272
579000 -6.144714240096142
580000 -6.143178389455169
581000 -6.119699777222155
582000 -6.164307389342997
583000 -6.110350190505795
584000 -6.130333155700109
585000 -6.101629203191157
586000 -6.113244534239084
587000 -6.058023505227873
588000 -6.0915223650640655
589000 -6.090213274334493
590000 -6.145857465826389
591000 -6.161087014981752
592000 -6.1276477535385006
593000 -6.157430096477246
594000 -6.127470014774519
595000 -6.15889695616933
596000 -6.158776461691828
597000 -6.135571092979878
598000 -6.1313360835300985
599000 -6.119446101712716
600000 -6.1178835070090605
601000 -6.129815444553307
602000 -6.136341796942719
603000 -6.123796608176777
604000 -6.138506639298361
605000 -6.140867581731777
606000 -6.166903770524605
607000 -6.164488997002019
608000 -6.244292062037938
609000 -6.23047726245421
610000 -6.1660444008929
611000 -6.15814094083221
612000 -6.175231192892819
613000 -6.165675916437701
614000 -6.198459861484063
615000 -6.229422413806462
616000 -6.244590294736047
617000 -6.246869327842776
618000 -6.194403356368387
619000 -6.191534167747834
620000 -6.202179987152659
621000 -6.183080472099272
622000 -6.192895731452942
623000 -6.232636886475903
624000 -6.247287161901173
625000 -6.209030130902866
626000 -6.184662157024674
627000 -6.230618588453707
628000 -6.219644050910576
629000 -6.173928133564764
630000 -6.20073724216867
631000 -6.194001873173216
632000 -6.229066131328447
633000 -6.2048390200609225
634000 -6.220152585194137
635000 -6.227758555855483
636000 -6.1892215056037445
637000 -6.172975681666309
638000 -6.209773271512223
639000 -6.165874082515964
640000 -6.106889068700941
641000 -6.121519099274225
642000 -6.1003331621604335
643000 -6.160713653014998
644000 -6.171909565459845
645000 -6.15529399662144
646000 -6.187282185941538
647000 -6.125507120340083
648000 -6.122844238477099
649000 -6.166376924298026
650000 -6.156615535748997
651000 -6.086979880729269
652000 -6.104000984748127
653000 -6.167036549609741
654000 -6.180052740227643
655000 -6.16112908276902
656000 -6.190076816252299
657000 -6.178066821279348
658000 -6.19929182265976
659000 -6.173741644885507
660000 -6.166108578343497
661000 -6.210605689455145
662000 -6.219647122012454
663000 -6.223062503458057
664000 -6.15338993849971
665000 -6.158008736569544
666000 -6.106910000980219
667000 -6.17393707890017
668000 -6.218590513493176
669000 -6.209932418818957
670000 -6.170539545194952
671000 -6.157772833818684
672000 -6.103365782240862
673000 -6.17756763443797
674000 -6.197891021173995
675000 -6.183233327438353
676000 -6.138223310447677
677000 -6.084053551375799
678000 -6.0993482979204305
679000 -6.120005754274218
680000 -6.205587496611577
681000 -6.140443563935717
682000 -6.1221233789579435
683000 -6.107622121195927
684000 -6.153124353936698
685000 -6.133205849043704
686000 -6.162981707920722
687000 -6.161874189111694
688000 -6.118827068178634
689000 -6.147525090015876
690000 -6.137728794782557
691000 -6.093405598126578
692000 -6.107259905703172
693000 -6.088859991478992
694000 -6.129190810457482
695000 -6.07847941463665
696000 -6.115178487290955
697000 -6.159386097940251
698000 -6.117188900478917
699000 -6.142916419932054
700000 -6.209637039738963
701000 -6.173305396701654
702000 -6.2069782873789725
703000 -6.226825633714103
704000 -6.200816610715709
705000 -6.196348742057424
706000 -6.198047249422953
707000 -6.1817984477331285
708000 -6.158661842565296
709000 -6.170760810279316
710000 -6.167333553552072
711000 -6.116633048990087
712000 -6.149787530673729
713000 -6.11984221688995
714000 -6.146563174091707
715000 -6.197010768291796
716000 -6.1609190253437065
717000 -6.144412776503204
718000 -6.1522046672177675
719000 -6.16736166240803
720000 -6.176748460507832
721000 -6.125410063788615
722000 -6.124254344643081
723000 -6.150746754588062
724000 -6.14926606796012
725000 -6.116855806011287
726000 -6.157263064565383
727000 -6.135716708802919
728000 -6.1295265978821405
729000 -6.1437038354717535
730000 -6.12432046398262
731000 -6.102437115075102
732000 -6.1052238717208756
733000 -6.1253512134838655
734000 -6.149240095883401
735000 -6.122561926722265
736000 -6.162285030892437
737000 -6.171086563321098
738000 -6.154896306900724
739000 -6.154079750521123
740000 -6.139430659221623
741000 -6.179575109888601
742000 -6.158458854819605
743000 -6.127299172045368
744000 -6.127944304304599
745000 -6.189168710480457
746000 -6.144433682957832
747000 -6.167962706880212
748000 -6.21521482971448
749000 -6.193139644602891
750000 -6.1943402033343995
751000 -6.225785726858834
752000 -6.225711312034395
753000 -6.197269309670675
754000 -6.194193514554812
755000 -6.179596804841157
756000 -6.109441089603417
757000 -6.115954489239941
758000 -6.170059735982759
759000 -6.227534616889608
760000 -6.1348702480843045
761000 -6.147147473683872
762000 -6.2146152594211
763000 -6.175831333458335
764000 -6.164849124923571
765000 -6.095270611931656
766000 -6.0955519761044785
767000 -6.146850355433822
768000 -6.171024859614463
769000 -6.190851301778008
770000 -6.147469780069215
771000 -6.161976623724202
772000 -6.1282462339140045
773000 -6.146274018337922
774000 -6.147832019832665
775000 -6.175815199950132
776000 -6.133735821353199
777000 -6.119902416410861
778000 -6.141184109250201
779000 -6.146871610367747
780000 -6.187612853572482
781000 -6.180418824363973
782000 -6.173391871057191
783000 -6.16164470972029
784000 -6.172643712421838
785000 -6.175643763909219
786000 -6.165153903502843
787000 -6.139051802985117
788000 -6.1456426198240095
789000 -6.116356798693636
790000 -6.1595120180265255
791000 -6.125722657481254
792000 -6.09444699033968
793000 -6.116001002019879
794000 -6.141240574644091
795000 -6.091803936401646
796000 -6.094333491865096
797000 -6.111506453836892
798000 -6.12582495567922
799000 -6.1088935620572
800000 -6.117174903563788
801000 -6.098244710003032
802000 -6.115909940001784
803000 -6.130171723413613
804000 -6.123356710156472
805000 -6.119741497359139
806000 -6.126263411454954
807000 -6.130976097732193
808000 -6.128491597189903
809000 -6.15522847309999
810000 -6.173105788599632
811000 -6.190112982597474
812000 -6.203527734253719
813000 -6.169069600977879
814000 -6.149832363945401
815000 -6.066485770726746
816000 -6.10239163937982
817000 -6.108223351758317
818000 -6.127691284236961
819000 -6.094973145081828
820000 -6.140484540420777
821000 -6.183275809793689
822000 -6.182892513677325
823000 -6.2101858140713295
824000 -6.2091893920754835
825000 -6.214252063818484
826000 -6.196745707386218
827000 -6.2328177405818925
828000 -6.204143590674384
829000 -6.1435749179101995
830000 -6.18625596511372
831000 -6.201736351930631
832000 -6.1299325924389505
833000 -6.148651690528939
834000 -6.108521105702341
835000 -6.123964258996439
836000 -6.130927972562761
837000 -6.147136472565095
838000 -6.129647166578155
839000 -6.131306008397667
840000 -6.143175662234065
841000 -6.175023705062305
842000 -6.124046402554663
843000 -6.153290368168357
844000 -6.155111857539631
845000 -6.129223583387891
846000 -6.141374445782263
847000 -6.091156514243416
848000 -6.125053002135277
849000 -6.088351521949415
850000 -6.093014000342415
851000 -6.103917855229009
852000 -6.096734032160708
853000 -6.1150792944903065
854000 -6.123321805820087
855000 -6.091221832269913
856000 -6.132018537850641
857000 -6.093466648832994
858000 -6.086432046826915
859000 -6.090411430172538
860000 -6.109433792701167
861000 -6.124672956071841
862000 -6.118138911321689
863000 -6.128834772446277
864000 -6.145118449016919
865000 -6.1493416024679215
866000 -6.15964100488204
867000 -6.143725345438823
868000 -6.141314256502309
869000 -6.124604276884389
870000 -6.095582662043961
871000 -6.0582166114912415
872000 -6.112245793026967
873000 -6.126750234811689
874000 -6.162018810808452
875000 -6.160623792244525
876000 -6.1613313547539414
877000 -6.127878274788985
878000 -6.170697351403607
879000 -6.1636717398213925
880000 -6.140835713226622
881000 -6.149810800867914
882000 -6.144015637909622
883000 -6.1482380205637535
884000 -6.141072254174571
885000 -6.175239901185222
886000 -6.1554086135235275
887000 -6.113882412917054
888000 -6.103407549369622
889000 -6.158788876723278
890000 -6.197072336514826
891000 -6.152482557013633
892000 -6.164973974504845
893000 -6.18114591666103
894000 -6.236317314443386
895000 -6.169402202755118
896000 -6.23129539061104
897000 -6.172996429212161
898000 -6.188396341029964
899000 -6.190009080977188
900000 -6.206936155602889
901000 -6.199072387347019
902000 -6.192487581139083
903000 -6.204945126900498
904000 -6.176109026861636
905000 -6.133099548300005
906000 -6.173235004755079
907000 -6.150772082072917
908000 -6.1803786931702245
909000 -6.163753654928076
910000 -6.166903380189616
911000 -6.122374147285761
912000 -6.144493232382123
913000 -6.173132490051784
914000 -6.172399211883039
915000 -6.147298675393585
916000 -6.162777492514148
917000 -6.140507613980075
918000 -6.146791442685429
919000 -6.169604145390575
920000 -6.122590959177244
921000 -6.184426632949012
922000 -6.202675767648233
923000 -6.167730075902741
924000 -6.1368580367721615
925000 -6.146439855155702
926000 -6.159174173020237
927000 -6.179267220450872
928000 -6.143650703679738
929000 -6.109408213121347
930000 -6.134560152457716
931000 -6.1957423319929665
932000 -6.1207305732022474
933000 -6.1589792167999775
934000 -6.120133432371408
935000 -6.11711389521409
936000 -6.082818698226677
937000 -6.129224370826344
938000 -6.111423306221477
939000 -6.14463009246735
940000 -6.136199971788345
941000 -6.1223650355566654
942000 -6.162883997358537
943000 -6.17061261584939
944000 -6.131815258458787
945000 -6.135924840491767
946000 -6.113968540334486
947000 -6.131380660479353
948000 -6.1485843634884425
949000 -6.104371862596541
950000 -6.16376071987584
951000 -6.1288283996021145
952000 -6.176465556198129
953000 -6.131666689293637
954000 -6.112880112072768
955000 -6.154701455720837
956000 -6.206070023733624
957000 -6.15330092728669
958000 -6.145932410203416
959000 -6.171888601302116
960000 -6.168729555208414
961000 -6.176266872139983
962000 -6.15310263423146
963000 -6.159967997795461
964000 -6.177899486581303
965000 -6.216809244816165
966000 -6.209041429478657
967000 -6.2121500209875595
968000 -6.173772205456529
969000 -6.1551527270022985
970000 -6.159287981002005
971000 -6.165062880595133
972000 -6.180798896765971
973000 -6.189086709448398
974000 -6.194216841869348
975000 -6.190327553136013
976000 -6.147371564587891
977000 -6.145807490982283
978000 -6.182793868213913
979000 -6.206566529550433
980000 -6.2182437116914855
981000 -6.244989092374379
982000 -6.208943827188533
983000 -6.196965784046992
984000 -6.16911712506173
985000 -6.201500221604548
986000 -6.119497657264074
987000 -6.148507165130742
988000 -6.176346088478806
989000 -6.188444054316792
990000 -6.179203865326283
991000 -6.190704840321739
992000 -6.203347948157678
993000 -6.164792232055242
994000 -6.18505169210165
995000 -6.183606462791136
996000 -6.149589831523722
997000 -6.153267924256915
998000 -6.153483504555145
999000 -6.1409687468748695
1000000 -6.1286334629642285
